// Battery, 9mm, 357, Shell, Armburst-Bolt, M16-Bullet, AR-Grenade, RPG, Uranium, Grenade, Satchel, Tripmine, Snarks, Spores and 762
25 0 0 0 0 0 0 0 0 0 0 0 0 0 0
25 0 0 0 0 0 0 0 0 0 0 0 0 0 0
0 17 0 0 0 0 0 0 0 0 0 0 0 0 0
25 0 0 0 0 0 0 0 0 0 0 0 0 0 0
0 17 0 0 0 0 0 0 0 0 0 0 0 0 0
25 0 0 0 0 0 0 0 0 0 0 0 0 0 0
0 34 0 0 0 0 0 0 0 0 0 0 0 0 0
0 17 0 8 0 0 0 0 0 0 0 0 0 0 0
0 0 0 16 0 0 0 0 0 0 0 0 0 0 0
0 0 0 8 0 0 0 0 0 2 0 0 0 0 0
0 17 0 0 0 0 0 0 0 2 0 0 0 0 0
0 0 0 0 0 0 0 0 0 5 0 0 0 0 0
25 0 0 0 0 0 0 0 0 0 0 0 0 0 0
0 50 0 0 0 0 0 0 0 0 0 0 0 0 0
0 34 0 0 0 0 0 0 0 2 0 0 0 0 0
0 34 0 16 0 0 0 0 0 0 0 0 0 0 0
0 0 0 0 0 30 0 0 0 0 0 0 0 0 0
25 0 0 0 0 0 0 0 0 0 0 0 0 0 0
0 34 0 0 0 0 0 0 0 0 0 0 0 0 0
0 0 0 16 0 0 0 0 0 0 0 0 0 0 0
0 17 0 0 0 0 0 0 0 5 0 0 0 0 0
0 0 0 8 0 0 0 0 0 5 0 0 0 0 0
25 0 0 0 0 0 0 0 0 0 0 0 0 0 0
0 17 0 0 0 0 0 0 0 0 0 0 0 0 0
0 0 0 8 0 0 0 0 0 0 0 0 0 0 0
0 0 0 0 0 30 0 0 0 0 0 0 0 0 0
0 0 0 0 0 0 0 0 0 2 0 0 0 0 0
25 0 0 0 0 0 0 0 0 0 0 0 0 0 0
0 60 0 0 0 0 0 0 0 0 0 0 0 0 0
0 30 0 8 0 0 0 0 0 0 0 0 0 0 0
0 0 0 0 0 60 0 0 0 0 0 0 0 0 0
0 0 0 0 0 0 0 0 0 5 0 0 0 0 0
0 0 0 0 0 0 2 0 0 0 0 0 0 0 0
0 0 6 0 0 0 0 0 0 0 0 0 0 0 0
25 0 0 0 0 0 0 0 0 0 0 0 0 0 0
0 0 0 24 0 0 0 0 0 0 0 0 0 0 0
0 0 0 0 0 60 0 0 0 0 0 0 0 0 0
0 0 0 0 0 0 0 0 0 5 0 5 0 0 0
0 0 0 0 0 0 3 0 0 0 0 0 0 0 0
0 0 6 0 0 0 0 0 0 0 0 0 0 0 0
25 0 0 0 0 0 0 0 0 0 0 0 0 0 0
0 34 0 0 0 0 0 0 0 0 1 0 0 0 0
0 0 6 0 0 0 0 0 0 0 0 0 0 0 0
0 0 0 0 0 0 2 0 0 5 0 0 0 0 0
0 0 0 0 0 0 0 0 0 3 1 1 0 0 0
0 0 0 8 0 0 0 0 0 0 1 0 0 0 0
25 0 0 0 0 0 0 0 0 0 0 0 0 0 0
0 0 6 0 0 0 0 0 0 0 0 0 0 0 0
0 17 0 0 5 0 0 0 0 0 0 0 0 0 0
0 0 0 0 0 0 2 0 0 5 0 0 0 0 0
25 0 0 0 0 0 0 0 0 0 0 0 0 0 0
25 0 0 0 0 0 0 0 0 0 0 0 0 0 0
0 17 0 0 0 0 0 0 0 0 0 0 0 0 0
0 0 6 0 0 0 0 0 0 0 0 0 0 0 0
25 0 0 0 0 0 0 0 0 0 0 0 0 0 0
0 34 0 0 0 0 0 0 0 0 0 0 0 0 0
0 0 0 16 0 0 0 0 0 0 0 0 0 0 0
0 0 6 0 0 0 0 0 0 0 0 0 0 0 0
0 0 0 0 5 0 0 0 0 0 0 0 0 0 0
25 0 0 0 0 0 0 0 0 0 0 0 0 0 0
0 60 0 0 0 0 0 0 0 0 0 0 0 0 0
0 0 6 16 0 0 0 0 0 0 0 0 0 0 0
0 0 0 0 0 60 0 0 0 0 0 0 0 0 0
0 0 0 0 0 0 0 0 20 0 0 0 0 0 0
0 0 0 0 0 0 0 0 0 0 0 0 5 0 0
25 0 0 0 0 0 0 0 0 0 0 0 0 0 0
0 60 0 0 0 0 0 0 0 0 0 0 0 0 0
0 0 6 16 0 0 0 0 0 0 0 0 0 0 0
0 0 0 0 0 60 0 0 0 0 0 0 0 0 0
0 0 0 0 0 0 0 0 20 0 0 0 0 0 0
0 0 0 0 0 0 0 0 0 0 0 0 5 0 0
25 0 0 0 0 0 0 0 0 0 0 0 0 0 0
0 0 0 0 0 0 0 0 20 0 0 1 0 0 0
0 0 0 0 0 0 0 0 0 0 0 5 0 0 0
0 0 0 0 0 0 0 0 0 5 0 1 0 0 0
0 0 0 0 0 0 0 2 0 0 0 1 0 0 0
0 0 0 0 0 0 4 0 0 0 0 1 0 0 0
0 0 0 0 0 0 0 0 0 0 0 0 5 0 0
25 0 0 0 0 0 0 0 0 0 0 0 0 0 0
0 0 0 0 0 0 4 0 0 0 0 0 0 0 0
0 0 0 0 0 0 0 0 0 0 0 0 5 0 0
25 0 0 0 0 0 0 0 0 0 0 0 0 0 0
0 85 0 0 0 0 4 0 0 0 0 0 0 0 0
0 0 12 0 0 0 0 2 0 0 0 0 0 0 0
0 0 0 24 0 0 0 0 20 0 0 0 0 0 0
0 0 0 0 15 0 0 0 0 10 0 0 0 0 0
0 0 0 0 0 90 0 0 0 0 2 5 0 0 0
0 0 0 0 0 0 0 0 0 0 0 0 5 0 0
25 0 0 0 0 0 0 0 0 0 0 0 0 0 0
0 85 0 24 0 0 0 0 0 0 0 0 0 0 0
0 0 12 0 15 0 0 0 0 0 0 0 0 0 0
0 0 0 0 0 90 4 0 0 0 0 0 0 0 0
0 0 0 0 0 0 0 2 0 0 0 5 0 0 0
0 0 0 0 0 0 0 0 0 10 2 0 0 0 0
0 0 0 0 0 0 0 0 20 0 0 0 5 0 0
25 0 0 0 0 0 0 0 0 0 0 0 0 0 0
0 85 0 24 0 0 0 0 0 0 0 0 0 0 0
0 0 12 0 15 0 0 0 0 0 0 0 0 0 0
0 0 0 0 0 90 4 0 0 0 0 0 0 0 0
0 0 0 0 0 0 0 2 0 0 0 5 0 0 0
0 0 0 0 0 0 0 0 0 10 2 0 0 0 0
0 0 0 0 0 0 0 0 20 0 0 0 5 0 0
25 0 0 0 0 0 0 0 0 0 0 0 0 0 0
0 0 0 0 0 0 0 0 20 0 0 0 0 0 0
25 0 0 0 0 0 0 0 0 0 0 0 0 0 0
0 0 0 0 0 0 0 0 0 0 0 0 5 0 0
0 0 0 0 0 0 0 0 0 0 0 0 5 0 0
25 0 0 0 0 0 0 0 0 0 0 0 0 0 0
0 85 0 24 0 0 0 0 0 0 0 0 0 0 0
0 0 12 0 15 0 0 0 0 0 0 0 0 0 0
0 0 0 0 0 90 10 0 0 0 0 0 0 0 0
0 0 0 0 0 0 0 5 0 0 0 5 0 0 0
0 0 0 0 0 0 0 0 0 10 5 0 0 0 0
0 0 0 0 0 0 0 0 40 0 0 0 5 0 0
25 0 0 0 0 0 0 0 0 0 0 0 0 0 0
0 85 12 24 15 0 0 0 0 0 0 0 0 0 0
0 0 0 0 0 90 4 0 0 0 0 0 0 0 0
0 0 0 0 0 0 0 2 0 0 0 5 0 0 0
0 0 0 0 0 0 0 0 0 5 2 0 0 0 0
0 0 0 0 0 0 0 0 20 0 0 0 5 0 0
25 0 0 0 0 0 0 0 0 0 0 0 0 0 0
0 85 12 24 15 0 0 0 0 0 0 0 0 0 0
0 0 0 0 0 90 4 0 0 0 0 0 0 0 0
0 0 0 0 0 0 0 2 0 0 0 5 0 0 0
0 0 0 0 0 0 0 0 0 5 2 0 0 0 0
0 0 0 0 0 0 0 0 20 0 0 0 5 0 0
25 0 0 0 0 0 0 0 0 0 0 0 0 0 0
0 85 12 24 15 0 0 0 0 0 0 0 0 0 0
0 0 0 0 0 90 4 0 0 0 0 0 0 0 0
0 0 0 0 0 0 0 2 0 0 0 5 0 0 0
0 0 0 0 0 0 0 0 0 5 2 0 0 0 0
0 0 0 0 0 0 0 0 20 0 0 0 5 0 0
25 0 0 0 0 0 0 0 0 0 0 0 0 0 0
0 85 12 24 15 90 4 2 20 5 2 5 15 0 0
25 0 0 0 0 0 0 0 0 0 0 0 0 0 0
0 85 12 24 15 0 0 0 0 0 0 0 0 0 0
0 0 0 0 0 90 4 0 0 0 0 0 0 0 0
0 0 0 0 0 0 0 2 0 0 0 5 0 0 0
0 0 0 0 0 0 0 0 0 5 2 0 0 0 0
0 0 0 0 0 0 0 0 20 0 0 0 5 0 0
25 0 0 0 0 0 0 0 0 0 0 0 0 0 0
0 50 0 24 0 30 0 0 0 5 0 0 0 0 0
0 250 0 125 0 600 0 0 0 10 0 0 0 0 0
0 17 6 8 0 30 0 0 0 5 0 0 0 0 0
0 60 6 24 0 60 2 0 0 5 0 5 0 0 0
0 17 0 8 0 0 0 0 0 0 0 0 0 0 0
100 0 0 0 0 0 0 0 0 0 0 0 0 0 0
0 60 6 16 0 60 0 0 20 0 0 0 5 0 0
0 0 0 0 0 0 10 0 0 0 0 0 5 0 0
0 85 12 24 15 90 4 2 20 10 2 5 5 0 0
0 250 36 125 50 600 10 5 100 10 5 5 15 0 0
100 0 0 0 0 0 0 0 0 0 0 0 0 0 0
100 0 0 0 0 0 0 0 0 0 0 0 0 0 0
0 1 0 0 0 0 0 0 0 0 0 0 0 0 0
0 34 0 0 0 0 0 0 0 0 0 0 0 0 0
0 85 18 32 0 0 0 0 0 0 0 0 0 0 0
0 85 0 0 0 0 0 0 0 0 0 0 0 0 0
0 0 0 32 0 0 0 0 0 0 0 0 0 0 0
0 34 6 8 0 0 0 0 0 0 0 0 0 0 0
0 0 0 0 0 0 2 0 0 5 0 0 0 0 0
0 0 0 0 0 0 0 0 0 5 1 0 0 0 0
0 0 0 0 0 0 0 2 0 5 1 0 0 0 0
0 72 6 24 0 0 2 0 0 10 0 0 0 0 0
0 72 6 24 0 0 0 2 0 10 1 0 0 0 0
0 250 36 125 0 0 10 5 0 10 5 0 15 0 0
0 0 7 0 0 0 0 0 0 0 0 0 0 0 0
0 0 0 8 0 0 0 0 0 0 0 0 0 0 0
50 0 0 0 0 0 0 0 0 0 0 0 0 0 0
0 0 14 16 0 0 0 0 0 0 0 0 0 0 0
0 17 7 0 0 0 0 0 0 0 0 0 0 0 0
0 17 0 8 0 0 0 0 0 0 0 0 0 0 0
0 250 14 24 0 0 0 0 0 10 5 0 0 0 0
0 250 7 16 0 0 0 0 0 0 0 0 0 0 0
0 250 0 0 0 0 0 0 0 5 2 0 0 0 0
0 250 0 0 0 0 0 2 0 5 0 0 0 0 0
0 250 14 24 0 0 0 2 0 10 2 0 0 0 0
0 250 36 125 0 0 0 5 0 10 5 5 0 0 0
0 250 36 125 0 0 0 0 0 0 0 0 0 0 0
0 250 0 125 0 0 0 0 0 5 2 0 0 0 0
0 250 0 125 0 0 0 2 0 5 0 0 0 0 0
0 250 0 125 0 0 2 0 0 5 0 1 0 0 0
0 250 36 125 0 100 0 0 0 0 0 0 0 0 0
0 250 36 125 0 100 0 0 0 10 0 0 0 0 0
0 250 0 125 0 0 10 5 0 10 5 5 0 0 0
0 250 0 125 0 0 0 0 20 0 0 0 0 0 0
0 250 0 125 0 0 0 0 0 5 2 1 0 0 0
0 250 0 125 0 0 2 2 0 5 0 0 0 0 0
0 250 0 125 0 0 0 0 0 0 0 0 5 30 0
0 250 0 125 0 0 0 0 20 0 0 0 0 0 5
0 250 36 125 0 100 0 0 5 2 1 0 5 0 0
0 250 0 125 0 0 2 2 20 5 0 0 0 30 5
0 250 0 0 0 0 0 0 0 10 0 0 0 0 0
0 250 36 125 0 0 0 0 0 10 0 0 0 0 0
0 250 36 125 0 0 10 5 0 10 0 0 0 0 0
